===== sample12.csv =====
Parameter,Value
Sample ID,12
Initial pH,7.67
Sample volume (mL),30

Acid (µL),pH
+200,7.32
+200,7.08
+200,6.91
+200,6.76
+200,6.47
+600,6.23
+600,5.94
+200,5.77
+200,5.57
+200,5.29
+50,5.20
+50,4.98
+20,4.71
+20,4.64
+20,4.57
+20,4.50
+20,4.44
+20,4.38
+20,4.32
+20,4.27
+50,4.14
+50,4.04
+50,3.95
+50,3.87
+50,3.81
+200,3.62
+200,3.49
+200,3.39
+600,3.19

===== sample13.csv =====
Parameter,Value
Sample ID,13
Initial pH,8.39
Sample volume (mL),30

Acid (µL),pH
+200,7.72
+200,7.34
+100,7.24
+100,7.15
+100,7.06
+100,6.98
+100,6.89
+200,6.73
+200,6.59
+200,5.85
+200,5.48
+200,5.44
+100,5.07
+50,4.93
+50,4.77
+20,4.59
+20,4.57
+20,4.44
+20,4.37
+20,4.31
+50,4.11
+50,4.03
+50,3.93
+50,3.85
+200,3.64
+200,3.50
+600,3.25
+200,3.13

===== sample14.csv =====
Parameter,Value
Sample ID,14
Initial pH,6.73
Sample volume (mL),30

Acid (µL),pH
+200,6.72
+600,6.68
+1000,6.58
+2000,6.37
+1000,6.16
+1000,6.07
+1000,5.95
+1000,5.82
+1000,5.68
+1000,5.50
+400,4.70
+50,4.29
+100,4.13
+100,4.02
+100,3.92
+100,3.84
+100,3.76
+100,3.70
+200,3.58
+200,3.48
+200,3.40
+200,3.33
+200,3.28
+200,3.22
+200,3.18

===== sample16.csv =====
Parameter,Value
Sample ID,16
Initial pH,7.28
Sample volume (mL),30

Acid (µL),pH
+200,7.16
+400,7.02
+400,6.88
+600,6.75
+600,6.59
+600,6.44
+600,6.26
+600,6.12
+600,5.96
+600,5.74
+600,5.56
+200,5.15
+50,4.86
+50,4.38
+25,4.30
+50,4.20
+50,4.11
+50,4.02
+100,3.90
+100,3.80
+200,3.62
+200,3.50
+200,3.41
+200,3.32
+200,3.25
+200,3.19

