===== sample18.csv =====
Parameter,Value
Sample ID,18
Initial pH,7.45
Sample volume (mL),30

Acid (µL),pH
+1000,7.42
+1000,7.17
+1000,7.02
+1000,6.83
+1000,6.71
+1000,6.60
+1000,6.49
+1000,6.37
+1000,6.26
+1000,6.15
+1000,6.02
+1000,5.89
+1000,5.74
+1000,5.52
+1000,5.25
+1000,4.66
+1000,4.54
+1000,4.42
+50,4.37
+25,4.32
+25,4.29
+50,4.22
+20,4.10
+40,3.87
+600,3.59
+600,3.33
+600,3.18

===== sample20.csv =====
Parameter,Value
Sample ID,20
Initial pH,7.42
Sample volume (mL),30

Acid (µL),pH
+1000,7.05
+1000,6.91
+1000,6.80
+1000,6.67
+2000,6.56
+2000,6.16
+2000,5.95
+1000,5.82
+1000,5.69
+1000,5.56
+1500,5.08
+600,4.16
+50,4.09
+50,4.01
+500,4.00
+200,3.86
+200,3.70
+400,3.47
+400,3.36
+600,3.18

===== sample25.csv =====
Parameter,Value
Sample ID,25
Initial pH,7.54
Sample volume (mL),30

Acid (µL),pH
+200,7.51
+400,7.45
+800,7.32
+1000,7.20
+1000,7.05
+1200,6.91
+1400,6.76
+1600,6.60
+1800,6.44
+2000,6.26
+2000,6.06
+1600,5.71
+1000,5.24
+500,4.96
+1000,4.90
+1000,4.84
+1000,4.77
+1000,4.68
+500,4.64
+1000,4.54
+500,4.49
+500,4.43
+500,4.37
+500,4.32
+500,4.26
+200,4.15
+200,3.94
+600,3.66
+800,3.41
+800,3.31
+400,3.22
+400,3.14

===== sample27.csv =====
Parameter,Value
Sample ID,27
Initial pH,5.67
Sample volume (mL),30

Acid (µL),pH
+200,5.46
+200,5.00
+50,4.82
+50,4.64
+50,4.44
+20,4.39
+20,4.29
+20,4.25
+50,4.11
+50,4.01
+50,3.92
+50,3.85
+50,3.78
+200,3.58
+100,3.45
+200,3.21
+200,3.15

