===== sample29.csv =====
Parameter,Value
Sample ID,29
Initial pH,6.05
Sample volume (mL),30

Acid (µL),pH
+400,5.89
+400,5.65
+400,5.22
+700,4.93
+50,4.40
+25,4.32
+25,4.25
+50,4.12
+200,3.81
+400,3.48
+400,3.30
+400,3.16

===== sample31.csv =====
Parameter,Value
Sample ID,31
Initial pH,6.42
Sample volume (mL),30

Acid (µL),pH
+600,6.42
+800,6.28
+1000,6.07
+1000,5.80
+800,5.50
+600,5.11
+200,4.90
+700,4.56
+50,4.47
+50,4.38
+50,4.27
+100,4.08
+200,3.64
+100,3.25
+200,3.19

===== sample33.csv =====
Parameter,Value
Sample ID,33
Initial pH,8.01
Sample volume (mL),30

Acid (µL),pH
+700,7.73
+200,7.52
+400,7.23
+400,7.02
+600,6.78
+400,6.60
+400,6.21
+600,6.00
+400,5.83
+400,5.70
+400,5.10
+200,4.76
+50,4.63
+50,4.53
+50,4.39
+50,4.28
+400,3.94
+400,3.58
+400,3.38
+1200,3.30
+200,3.24
+200,3.18

===== sample34.csv =====
Parameter,Value
Sample ID,34
Initial pH,7.90
Sample volume (mL),30

Acid (µL),pH
+200,6.98
+400,6.88
+800,6.63
+1000,6.44
+800,6.23
+800,6.05
+800,5.82
+600,5.60
+600,5.27
+400,4.87
+1000,4.71
+50,4.52
+50,4.43
+25,4.33
+200,4.28
+200,3.74
+200,3.59
+200,3.47
+400,3.30
+200,3.19

