===== sample35.csv =====
Parameter,Value
Sample ID,35
Initial pH,8.18
Sample volume (mL),30

Acid (µL),pH
+200,8.06
+200,7.52
+1000,7.16
+200,7.07
+400,6.91
+800,6.70
+1000,6.46
+1000,6.16
+600,5.79
+400,4.77
+50,4.66
+50,4.45
+25,4.32
+50,4.26
+200,3.87
+200,3.67
+200,3.54
+200,3.43
+200,3.35
+400,3.21
+200,3.06
+600,2.96

===== sample36.csv =====
Parameter,Value
Sample ID,36
Initial pH,7.20
Sample volume (mL),30

Acid (µL),pH
+200,7.19
+200,7.08
+200,6.87
+1000,6.62
+1000,6.39
+1000,6.18
+1000,5.85
+800,5.59
+800,5.04
+400,4.51
+25,4.46
+25,4.41
+25,4.36
+50,4.21
+100,4.05
+200,3.80
+200,3.63
+400,3.41
+400,3.26
+200,3.20
+400,3.10
+600,2.99
+1000,2.85

===== sample37.csv =====
Parameter,Value
Sample ID,37
Initial pH,5.73
Sample volume (mL),30

Acid (µL),pH
+200,5.61
+200,5.49
+200,5.34
+200,5.11
+50,5.05
+100,4.86
+50,4.77
+50,4.50
+100,4.24
+50,4.02
+50,3.92
+50,3.84
+50,3.78
+50,3.72
+100,3.63
+50,3.55
+50,3.47
+100,3.41
+100,3.36
+100,3.31
+100,3.27
+200,3.20
+200,3.13
+200,3.08

===== sample38.csv =====
Parameter,Value
Sample ID,38
Initial pH,5.65
Sample volume (mL),30

Acid (µL),pH
+200,5.53
+200,5.24
+400,4.59
+50,4.47
+50,4.33
+50,4.22
+50,4.10
+100,3.85
+100,3.72
+100,3.62
+200,3.47
+200,3.37
+400,3.20
+600,3.04

