===== sampleD5.csv =====
Parameter,Value
Sample ID,D5
Initial pH,8.41
Notes,"It has a lot of headspace"
Sample volume (mL),30

Acid (µL),pH
+200,8.25
+1000,7.20
+1000,6.78
+1000,6.38
+1000,6.26
+500,6.16
+50,6.00
+50,5.84
+50,5.78
+50,5.72
+50,5.63
+200,5.53
+200,5.27
+100,5.17
+100,4.83
+50,4.74
+50,4.63
+50,4.52
+50,4.41
+50,4.36
+20,4.32
+20,4.27
+20,4.23
+20,4.16
+50,4.08
+50,4.00
+50,3.93
+50,3.87
+100,3.78
+200,3.63
+50,3.38
+500,3.23

===== sampleD4.csv =====
Parameter,Value
Sample ID,D4
Initial pH,7.82
Sample volume (mL),30

Acid (µL),pH
200,7.44
500,6.99
500,6.69
1500,6.22
500,5.95
200,5.85
200,5.70
200,5.58
200,5.26
50,4.76
20,4.62
20,4.58
20,4.52
20,4.44
20,4.39
50,4.33
50,4.25
20,4.22
20,4.17
20,4.13
20,4.08
50,4.03
50,3.95
100,3.82
100,3.72
200,3.57
500,3.33

===== sampleD3.csv =====
Parameter,Value
Sample ID,D3
Initial pH,8.15
Sample volume (mL),30

Acid (µL),pH
+200,4.62
+500,7.05
+500,6.75
+500,6.29
+700,6.22
+200,5.93
+200,5.81
+200,5.37
+200,5.19
+100,4.74
+20,4.66
+20,4.58
+20,4.52
+20,4.44
+20,4.19
+50,4.08
+50,3.98
+100,3.84
+100,3.83
+200,3.57
+500,3.32

===== sampleD4_2.csv =====
Parameter,Value
Sample ID,D4_2
Initial pH,8.09
Sample volume (mL),30

Acid (µL),pH
+200,7.85
+500,7.06
+500,6.78
+500,6.45
+500,6.17
+500,5.86
+200,5.49
+200,5.08
+20,4.65
+20,4.54
+20,4.27
+20,4.21
+20,4.16
+20,4.11
+50,4.02
+50,3.95
+100,3.82
+100,3.71
+200,3.62
+500,3.28

