===== sampleD2.csv =====
Parameter,Value
Sample ID,D2
Initial pH,8.17
Sample volume (mL),30

Acid (µL),pH
500,7.21
500,6.85
500,6.57
500,6.29
500,6.00
500,5.58
500,5.08
100,4.78
50,4.60
50,4.43
20,4.35
20,4.29
20,4.23
50,4.06
50,3.97
100,3.83
200,3.64
200,3.50
500,3.28

===== sampleDecean7.csv =====
Parameter,Value
Sample ID,Decean7
Initial pH,8.16
Sample volume (mL),30

Acid (µL),pH
500,7.21
500,6.95
500,6.69
500,6.44
400,6.26
400,6.08
400,5.88
400,5.57
100,5.01
400,4.75
50,4.61
20,4.55
20,4.50
20,4.44
20,4.39
20,4.34
20,4.29
20,4.24
20,4.20
50,4.10
50,4.01
100,3.87
200,3.68
500,3.40
500,3.23

===== sampleDecean9.csv =====
Parameter,Value
Sample ID,Decean9
Initial pH,8.51
Sample volume (mL),30

Acid (µL),pH
500,6.82
200,6.60
200,6.38
200,6.12
200,5.82
200,5.36
50,5.14
50,4.90
25,4.78
25,4.65
25,4.55
20,4.24
20,4.19
50,3.98
800,3.74
200,3.58
200,3.47
600,3.24

===== sampleDecean11.csv =====
Parameter,Value
Sample ID,Decean11
Initial pH,8.54
Sample volume (mL),30

Acid (µL),pH
200,8.06
500,7.27
500,6.97
500,6.78
1000,6.39
500,6.19
500,6.01
500,5.76
200,5.37
500,5.27
200,5.16
50,4.96
50,4.61
50,4.55
20,4.50
20,4.44
20,4.37
25,4.31
25,4.25
25,4.19
50,4.09
50,4.01
200,3.76
200,3.60
400,3.39
400,3.25

