===== sampleDecean15.csv =====
Parameter,Value
Sample ID,Decean15
Initial pH,7.40
Sample volume (mL),30

Acid (µL),pH
200,6.69
200,6.47
400,5.92
200,5.47
50,5.30
50,5.08
25,4.69
25,4.63
50,4.55
25,4.47
25,4.24
25,4.17
50,3.80
100,3.61
200,3.37
400,3.16
600,3.16

===== sample15_80ml.csv =====
Parameter,Value
Sample ID,15
Initial pH,8.66
Sample volume (mL),80

Acid (µL),pH
200,8.06
400,7.19
200,7.00
200,6.93
200,6.51
400,6.33
200,6.15
200,5.61
50,4.95
50,4.24
50,4.15
50,4.07
50,3.95
100,3.85
200,3.61
400,3.48
600,3.30

===== sample17.csv =====
Parameter,Value
Sample ID,17
Initial pH,7.25
Sample volume (mL),30

Acid (µL),pH
200,7.22
1000,7.03
1000,6.90
1000,6.76
1000,6.66
2000,6.62
2000,6.24
200,6.00
2000,5.68
1000,5.44
200,5.01
200,4.82
200,4.66
100,4.32
100,4.09
100,3.99
100,3.92
200,3.78
400,3.60
600,3.41
600,3.27

===== sample19.csv =====
Parameter,Value
Sample ID,19
Initial pH,7.56
Sample volume (mL),30

Acid (µL),pH
200,7.27
1000,6.63
1000,6.22
1000,5.98
600,5.56
600,5.02
200,4.67
100,4.47
50,4.28
50,4.20
50,4.01
100,3.91
200,3.76
600,3.48
600,3.33

