===== sample28.csv =====
Parameter,Value
Sample ID,28
Initial pH,7.26
Sample volume (mL),30

Acid (µL),pH
200,6.98
200,6.87
200,6.54
200,5.95
200,5.84
200,5.05
50,4.97
50,4.76
50,4.56
50,4.38
50,4.24
100,3.90
200,3.71
400,3.17
400,3.32

===== sample30.csv =====
Parameter,Value
Sample ID,30
Initial pH,7.66
Sample volume (mL),30

Acid (µL),pH
+700,7.58
+200,7.81
+200,7.38
+200,7.26
+400,7.10
+400,6.95
+600,6.80
+600,6.56
+600,6.36
+1000,6.15
+400,5.97
+400,5.82
+400,5.24
+600,5.08
+100,3.96
+100,3.84
+100,3.74
+1000,3.68
+700,3.40
+200,3.31
+200,3.28
+400,3.16

===== sample32.csv =====
Parameter,Value
Sample ID,32
Initial pH,6.54
Sample volume (mL),30

Acid (µL),pH
+200,6.52
+600,6.39
+1000,6.10
+600,5.46
+600,5.82
+1000,5.60
+200,5.54
+200,5.44
+200,5.25
+200,5.20
+200,4.73
+200,4.36
+50,4.25
+50,4.12
+50,3.91
+100,3.74
+200,3.57
+400,3.37
+400,3.26
+200,3.21

===== Decan5.csv =====
Parameter,Value
Sample ID,"D5"
Initial pH,8.60
Sample volume (mL),30
Note,"Some headspace might have degassed"

Acid (µL),pH
+200,8.37
+1000,7.25
+500,7.03
+500,6.87
+500,6.71
+500,6.59
+250,6.42
+250,6.23
+750,6.08
+750,5.78
+500,5.55
+500,5.19
+500,4.82
+50,4.28
+20,4.24
+20,4.21
+20,4.16
+20,4.14
+50,4.01
+50,4.04
+1000,3.91
+100,3.81
+100,3.74
+100,3.66
+100,3.60
+400,3.50
+50,3.32
===== sample28.csv =====
Parameter,Value
Sample ID,28
Initial pH,7.26
Sample volume (mL),30

Acid (µL),pH
200,6.98
200,6.87
200,6.54
200,5.95
200,5.84
200,5.05
50,4.97
50,4.76
50,4.56
50,4.38
50,4.24
100,3.90
200,3.71
400,3.17
400,3.32

===== sample30.csv =====
Parameter,Value
Sample ID,30
Initial pH,7.66
Sample volume (mL),30

Acid (µL),pH
+700,7.58
+200,7.81
+200,7.38
+200,7.26
+400,7.10
+400,6.95
+600,6.80
+600,6.56
+600,6.36
+1000,6.15
+400,5.97
+400,5.82
+400,5.24
+600,5.08
+100,3.96
+100,3.84
+100,3.74
+1000,3.68
+700,3.40
+200,3.31
+200,3.28
+400,3.16

===== sample32.csv =====
Parameter,Value
Sample ID,32
Initial pH,6.54
Sample volume (mL),30

Acid (µL),pH
+200,6.52
+600,6.39
+1000,6.10
+600,5.46
+600,5.82
+1000,5.60
+200,5.54
+200,5.44
+200,5.25
+200,5.20
+200,4.73
+200,4.36
+50,4.25
+50,4.12
+50,3.91
+100,3.74
+200,3.57
+400,3.37
+400,3.26
+200,3.21

===== sample8_Decean5.csv =====
Parameter,Value
Sample ID,"8 / Decean5"
Initial pH,8.60
Sample volume (mL),30
Note,"Some headspace might have degassed"

Acid (µL),pH
+200,8.37
+1000,7.25
+500,7.03
+500,6.87
+500,6.71
+500,6.59
+250,6.42
+250,6.23
+750,6.08
+750,5.78
+500,5.55
+500,5.19
+500,4.82
+50,4.28
+20,4.24
+20,4.21
+20,4.16
+20,4.14
+50,4.01
+50,4.04
+1000,3.91
+100,3.81
+100,3.74
+100,3.66
+100,3.60
+400,3.50
+50,3.32

