===== sampleDecean8.csv =====
Parameter,Value
Sample ID,Decean8
Initial pH,8.51
Sample volume (mL),30

Acid Volume (µL),pH
+500,7.00
+100,6.80
+200,6.56
+200,6.27
+200,5.97
+100,5.46
+50,5.06
+20,4.80
+20,4.69
+10,4.64
+10,4.58
+10,4.54
+10,4.49
+10,4.46
+10,4.37
+20,4.31
+20,4.24
+20,4.20
+20,4.14
+20,4.04
+50,3.96
+100,3.82
+100,3.73
+200,3.58
+200,3.48
+200,3.39
+200,3.33
+200,3.27


===== sampleDecean10.csv =====
Parameter,Value
Sample ID,Decean10
Initial pH,9.00
Sample volume (mL),30

Acid Volume (µL),pH
+500,8.38
+1000,7.43
+1000,6.92
+1000,6.61
+1000,6.38
+1000,6.08
+500,5.65
+500,5.53
+100,5.05
+50,4.78
+50,4.67
+50,4.54
+20,4.49
+20,4.44
+20,4.39
+20,4.33
+20,4.29
+20,4.24
+20,4.22
+50,4.10
+50,4.03
+100,3.97
+100,3.87
+200,3.64
+200,3.54
+500,3.36
+500,3.23


===== sampleD12.csv =====
Parameter,Value
Sample ID,D12
Initial pH,7.33
Sample volume (mL),30

Acid Volume (µL),pH
+200,7.10
+500,6.64
+500,6.18
+500,5.62
+200,5.27
+50,5.14
+50,5.00
+20,4.93
+20,4.89
+20,4.79
+20,4.71
+20,4.65
+20,4.59
+20,4.52
+50,4.12
+50,4.04
+100,3.94
+100,3.81
+200,3.57
+200,3.46
+200,3.37
+200,3.30
+200,3.24


===== sampleD13.csv =====
Parameter,Value
Sample ID,D13
Initial pH,8.14
Sample volume (mL),30

Acid Volume (µL),pH
+500,7.09
+500,6.52
+100,6.32
+200,6.07
+200,5.80
+200,5.32
+100,4.89
+20,4.47
+20,4.38
+20,4.32
+20,4.26
+20,4.21
+20,4.16
+50,4.07
+50,3.99
+100,3.92
+100,3.86
+200,3.78
+200,3.68
+200,3.55
+200,3.45
+200,3.37
+200,3.31
+200,3.25

