===== sampleD14.csv =====
Parameter,Value
Sample ID,D14
Initial pH,7.79
Sample volume (mL),30

Acid Volume (µL),pH
+500,6.65
+200,6.37
+200,6.08
+200,5.70
+100,5.43
+100,5.02
+50,4.75
+20,4.65
+20,4.55
+20,4.48
+20,4.39
+20,4.30
+20,4.23
+20,4.17
+20,4.08
+50,3.98
+100,3.85
+200,3.67
+200,3.54
+200,3.46
+500,3.28
+500,3.17

===== sampleDecean20.csv =====
Parameter,Value
Sample ID,Decean20
Initial pH,7.79
Sample volume (mL),30

Acid Volume (µL),pH
200,7.13
200,6.80
500,6.01
200,5.57
50,5.40
50,5.18
50,4.94
25,4.78
25,4.63
25,4.52
25,4.32
25,4.29
20,4.24
20,4.20
50,4.01
50,3.93
50,3.86
200,3.65
200,3.51
500,3.27

===== sampleDecean17.csv =====
Parameter,Value
Sample ID,Decean17
Initial pH,6.84
Sample volume (mL),30

Acid Volume (µL),pH
100,6.76
500,6.19
200,5.91
200,5.60
200,5.00
50,4.74
50,4.67
25,4.56
25,4.47
25,4.39
25,4.32
25,4.29
25,4.21
50,4.06
50,3.94
200,3.71
200,3.55
500,3.30

===== sampleDecean18.csv =====
Parameter,Value
Sample ID,Decean18
Initial pH,7.36
Sample volume (mL),30

Acid Volume (µL),pH
200,6.90
200,6.60
200,6.33
200,5.88
200,5.21
50,4.97
50,4.68
25,4.58
25,4.41
25,4.33
25,4.25
25,4.16
50,4.05
50,3.95
100,3.80
200,3.60
500,3.33
500,3.16

