===== sample8.csv =====
Parameter,Value
Sample ID,8
Initial pH,7.42
Sample volume (mL),30

Acid (µL),pH
+200,7.37
+2000,6.886
+200,6.49
+200,6.16
+200,5.82
+1000,5.56
+2000,5.22
+1000,4.84
+200,4.62
+100,4.48
+50,4.18
+50,4.11
+50,4.04
+50,3.97
+50,3.89
+100,3.80
+100,3.71
+200,3.57
+200,3.45
+200,3.36
+600,3.17

===== sample9.csv =====
Parameter,Value
Sample ID,9
Initial pH,6.80
Sample volume (mL),30

Acid (µL),pH
+200,6.80
+3000,6.60
+3000,6.38
+3000,6.19
+3000,5.97
+3000,5.88
+3000,5.25
+2000,4.46
+100,4.39
+100,4.32
+100,4.24
+100,4.15
+100,4.06
+100,4.00
+100,3.93
+200,3.68
+200,3.58
+600,3.36

===== sample11.csv =====
Parameter,Value
Sample ID,11
Initial pH,6.56
Sample volume (mL),30

Acid (µL),pH
+200,6.53
+1000,6.35
+2000,5.85
+2000,5.48
+1000,4.99
+50,4.38
+50,4.27
+50,4.16
+50,4.08
+50,4.00
+50,3.92
+200,3.80
+200,3.61
+600,3.16

===== sample24.csv =====
Parameter,Value
Sample ID,24
Day,2
Date,25/05/24
Initial pH,8.58
Sample volume (mL),30

Acid (µL),pH
+200,7.88
+50,7.68
+50,7.58
+50,7.51
+50,7.42
+50,7.35
+50,7.26
+200,7.20
+200,7.15
+50,7.10
+50,7.05
+100,6.86
+200,6.71
+200,6.60
+200,6.46
+100,6.32
+200,6.20
+200,6.05
+200,5.90
+200,5.71
+200,5.45
+200,5.05
+50,4.88
+50,4.71
+20,4.53
+20,4.46
+20,4.40
+20,4.35
+20,4.27
+150,4.15
+100,3.98
+1000,3.83
+1000,3.72
+200,3.56
+200,3.45
+200,3.36
+600,3.18

