Parameter,Value
Acid concentration,0.0104 N
Day,1
Date,24/05/24
Sample (Site),10
Sample volume (mL),30
Note,"200 µL of HCl was added initially"

Acid Added (µL),pH
200,7.74
+100,7.57
+100,7.38
+100,7.32
+100,7.24
+100,7.12
+100,7.00
+100,6.90
+100,6.82
+100,6.74
+100,6.69
+100,6.60
+100,6.49
+100,6.38
+100,6.30
+100,6.24
+100,6.09
+100,6.02
+100,5.93
+100,5.84
+100,5.74
+100,5.63
+100,5.50
+100,5.36
+100,5.29
+20,5.26
+20,5.22
+20,5.17
+20,5.13
+20,5.08
+20,5.02
+20,4.97
+20,4.90
+20,4.84
+20,4.77
+20,4.63
+20,4.56
+20,4.50
+20,4.42
+20,4.35
+20,4.28
+20,4.23
+20,4.12
+20,4.08
+20,4.04
+20,4.00
+20,3.98
+20,3.88
+50,3.78
+100,3.66
+200,3.50

