### Numeric Samples (sorted by number)

#### Sample S1
Sample ID: S1
Initial pH: 6.55
Sample volume (mL): 30
Acid (µL), pH
200,6.58
200,6.57
200,6.56
200,6.54
200,6.52
200,6.50
200,6.49
200,6.46
200,6.45
1000,6.33
1000,6.19
1000,6.07
1000,5.92
1000,5.75
1000,5.52
1000,5.19
600,4.82
200,4.62
200,4.36
20,4.35
50,4.28
50,4.20
50,4.13
50,4.07
50,4.00
50,3.94
50,3.90
50,3.83
50,3.79
100,3.70
100,3.63
-----------------------------------
#### Sample S2
Sample ID: S2
Initial pH: 5.81
Sample volume (mL): 30
Acid (µL), pH
200,5.79
1000,5.47
1000,4.65
50,4.53
50,4.42
50,4.32
20,4.27
20,4.22
20,4.19
20,4.13
50,4.04
50,3.96
100,3.82
100,3.71
200,3.54
-----------------------------------
#### Sample S3
Sample ID: S3
Initial pH: 6.33
Sample volume (mL): 30
Acid (µL), pH
200,6.32
1000,6.22
1000,6.09
1000,5.95
1000,5.79
1000,5.61
1000,5.33
1000,4.87
600,4.18
100,4.02
100,3.89
100,3.78
100,3.68
100,3.60
-----------------------------------
#### Sample S4
Sample ID: S4
Initial pH: 6.67
Sample volume (mL): 30
Acid (µL), pH
200,6.66
1000,6.57
1000,6.48
2000,6.29
2000,6.09
2000,5.85
2000,5.58
2000,5.10
1000,4.54
50,4.47
50,4.44
50,4.38
50,4.33
50,4.27
50,4.21
50,4.16
50,4.09
50,4.00
50,3.98
50,3.93
200,3.74
200,3.59
-----------------------------------
#### Sample S5
Sample ID: S5
Initial pH: 7.26
Sample volume (mL): 30
Acid (µL), pH
200,7.25
1000,7.12
1000,7.00
1000,6.89
2000,6.69
3000,6.42
3000,6.19
3000,5.92
3000,5.56
3000,5.36
200,4.58
200,4.25
100,4.15
100,4.07
200,3.86
100,3.77
100,3.70
-----------------------------------
#### Sample S6
Sample ID: S6
Initial pH: 5.40
Sample volume (mL): 30
Acid (µL), pH
200,5.19
100,5.02
100,4.80
100,4.50
20,4.42
20,4.37
20,4.31
20,4.26
20,4.19
20,4.14
20,4.09
20,4.05
20,4.00
50,3.89
100,3.75
100,3.65
-----------------------------------
#### Sample S7
Sample ID: S7
Initial pH: 6.86
Sample volume (mL): 30
Acid (µL), pH
200,6.86
2000,6.67
2000,6.51
3000,6.25
3000,5.95
3000,5.60
3000,4.79
1000,4.34
50,4.28
50,4.22
50,4.18
50,4.10
50,4.06
50,4.01
50,3.96
50,3.91
100,3.81
100,3.74
100,3.66
100,3.58
200,3.48
200,3.37
600,3.20
600,3.10
-----------------------------------
#### Sample S8
Sample ID: S8
Initial pH: 7.42
Sample volume (mL): 30
Acid (µL), pH
200,7.37
2000,6.86
2000,6.49
2000,6.16
2000,5.82
1000,5.56
1000,5.22
600,4.84
200,4.62
100,4.48
50,4.40
50,4.34
50,4.27
50,4.18
50,4.11
50,4.04
50,3.97
50,3.89
100,3.80
100,3.71
200,3.57
200,3.45
200,3.36
600,3.17
-----------------------------------
#### Sample S9
Sample ID: S9
Initial pH: 6.80
Sample volume (mL): 30
Acid (µL), pH
200,6.80
3000,6.60
3000,6.38
3000,6.18
3000,5.97
3000,5.68
3000,5.25
2000,4.46
100,4.39
100,4.32
100,4.24
100,4.15
100,4.06
100,4.00
100,3.93
200,3.68
200,3.58
600,3.36
-----------------------------------
#### Sample S10
Sample ID: S10
Initial pH: NaN
Sample volume (mL): 30
Note: Acid concentration: 0.0104 N; Day: 1; Date: 24/05/24; Note: "200 µL of HCl was added initially"
Acid (µL), pH
200,7.74
100,7.57
100,7.38
100,7.24
100,7.12
100,7.00
100,6.90
100,6.82
100,6.74
100,6.66
100,6.60
100,6.51
100,6.38
100,6.30
100,6.24
100,6.16
100,6.09
100,6.02
100,5.93
100,5.84
100,5.74
100,5.63
100,5.50
100,5.34
20,5.29
20,5.26
20,5.22
20,5.17
20,5.13
20,5.08
20,5.02
20,4.97
20,4.90
20,4.84
20,4.77
20,4.70
20,4.63
20,4.56
20,4.50
20,4.42
20,4.35
20,4.28
20,4.23
20,4.12
20,4.08
20,4.04
20,4.00
20,3.97
20,3.88
50,3.78
100,3.66
200,3.50
-----------------------------------
#### Sample S11
Sample ID: S11
Initial pH: 6.56
Sample volume (mL): 30
Acid (µL), pH
200,6.53
1000,6.35
2000,5.85
2000,5.48
1000,4.49
50,4.38
50,4.27
50,4.16
50,4.08
50,4.00
50,3.92
100,3.80
200,3.61
200,3.47
200,3.37
600,3.16
-----------------------------------
#### Sample S12
Sample ID: S12
Initial pH: 7.67
Sample volume (mL): 30
Acid (µL), pH
200,7.32
200,7.08
200,6.91
200,6.76
400,6.47
400,6.23
400,5.94
200,5.77
200,5.57
200,5.29
50,5.20
50,5.10
50,4.98
50,4.84
20,4.77
20,4.71
20,4.64
20,4.57
20,4.50
20,4.46
20,4.38
20,4.32
20,4.27
50,4.14
50,4.04
50,3.95
50,3.87
50,3.81
200,3.62
200,3.49
200,3.39
600,3.19
-----------------------------------
#### Sample S13
Sample ID: S13
Initial pH: 8.39
Sample volume (mL): 30
Acid (µL), pH
200,7.72
200,7.34
100,7.24
100,7.15
100,7.06
100,6.98
100,6.90
100,6.83
200,6.73
200,6.59
200,6.46
200,6.36
200,6.24
200,6.13
200,6.00
200,5.85
200,5.68
200,5.44
100,5.28
100,5.07
50,4.93
50,4.77
50,4.59
20,4.57
20,4.44
20,4.37
20,4.31
20,4.25
50,4.11
50,4.03
50,3.93
50,3.85
200,3.64
200,3.50
600,3.25
400,3.13
-----------------------------------
#### Sample S14
Sample ID: S14
Initial pH: 6.73
Sample volume (mL): 30
Acid (µL), pH
400,6.72
600,6.68
1000,6.58
2000,6.37
1000,6.27
1000,6.16
1000,6.07
1000,5.95
1000,5.82
1000,5.68
1000,5.50
1000,5.23
1000,4.70
400,4.50
50,4.29
100,4.13
100,4.02
100,3.92
100,3.84
100,3.76
100,3.70
200,3.58
200,3.49
200,3.40
200,3.33
200,3.28
200,3.22
200,3.18
-----------------------------------
#### Sample S15
Sample ID: S15
Initial pH: 8.66
Sample volume (mL): 30
Acid (µL), pH
200,8.06
400,7.19
200,7.06
200,6.93
400,6.70
400,6.51
400,6.33
400,6.14
400,5.91
400,5.61
400,4.95
200,4.47
50,4.34
50,4.24
50,4.15
50,4.07
50,4.02
50,3.95
100,3.85
200,3.61
400,3.48
600,3.30
-----------------------------------
#### Sample S16
Sample ID: S16
Initial pH: 7.28
Sample volume (mL): 30
Acid (µL), pH
400,7.15
400,7.01
400,6.88
400,6.75
600,6.59
600,6.44
600,6.26
600,6.12
600,5.96
600,5.74
600,5.46
400,5.15
400,4.56
25,4.50
25,4.46
50,4.36
25,4.30
50,4.20
50,4.11
50,4.02
100,3.90
100,3.80
200,3.62
200,3.50
200,3.41
200,3.33
200,3.25
200,3.19
-----------------------------------
#### Sample S17
Sample ID: S17
Initial pH: 7.25
Sample volume (mL): 30
Acid (µL), pH
200,7.22
1000,7.03
1000,6.90
1000,6.76
1000,6.65
2000,6.42
2000,6.24
2000,6.00
2000,5.68
1000,5.44
1000,5.01
200,4.87
200,4.68
200,4.45
100,4.32
100,4.20
100,4.09
100,3.99
100,3.92
200,3.78
400,3.60
600,3.41
600,3.27
-----------------------------------
#### Sample S18
Sample ID: S18
Initial pH: 7.45
Sample volume (mL): 30
Acid (µL), pH
1000,7.42
1000,7.17
1000,7.02
1000,6.83
1000,6.71
1000,6.60
1000,6.49
1000,6.37
1000,6.26
1000,6.15
1000,6.02
1000,5.89
1000,5.74
1000,5.53
1000,5.25
1000,4.66
100,4.54
100,4.42
50,4.37
25,4.32
25,4.29
50,4.22
100,4.10
200,3.87
400,3.59
600,3.33
600,3.18
-----------------------------------
#### Sample S19
Sample ID: S19
Initial pH: 7.56
Sample volume (mL): 30
Acid (µL), pH
200,7.27
1000,6.63
1000,6.22
1000,5.85
600,5.56
600,5.02
200,4.67
100,4.47
50,4.37
50,4.28
50,4.21
50,4.13
50,4.07
50,4.01
100,3.91
200,3.76
600,3.48
600,3.31
-----------------------------------
#### Sample S20
Sample ID: S20
Initial pH: 7.22
Sample volume (mL): 30
Acid (µL), pH
1000,7.05
1000,6.91
1000,6.80
1000,6.67
1000,6.56
2000,6.36
2000,6.16
2000,5.95
1000,5.82
1000,5.69
1000,5.54
1500,5.08
1000,4.40
100,4.32
100,4.16
50,4.09
50,4.01
50,4.00
200,3.86
200,3.70
400,3.47
400,3.34
600,3.18
-----------------------------------
#### Sample S21
Sample ID: S21
Initial pH: 6.85
Sample volume (mL): 30
Acid (µL), pH
200,6.85
2000,6.65
2000,6.48
2000,6.30
3000,6.08
3000,5.74
2000,5.33
1000,4.91
600,4.38
100,4.27
100,4.16
100,4.07
100,3.98
200,3.84
200,3.73
600,3.51
600,3.36
-----------------------------------
#### Sample S22
Sample ID: S22
Initial pH: 8.07
Sample volume (mL): 30
Note: Initial pH lower
Acid (µL), pH
200,7.53
200,7.17
200,7.05
200,6.89
200,6.71
200,6.61
200,6.41
200,6.36
400,6.11
400,5.89
400,5.45
400,4.41
50,4.28
50,4.18
50,4.09
50,4.01
50,3.95
100,3.84
200,3.69
600,3.41
600,3.24
-----------------------------------
#### Sample S23
Sample ID: S23
Initial pH: 7.39
Sample volume (mL): 30
Note: Initial pH high
Acid (µL), pH
200,7.35
2000,6.96
3000,6.60
3000,6.35
3000,6.05
3000,5.62
2200,4.82
200,4.65
100,4.53
100,4.43
100,4.31
50,4.24
50,4.20
100,4.11
200,3.94
200,3.81
200,3.72
600,3.50
600,3.37
-----------------------------------
#### Sample S24
Sample ID: S24
Initial pH: 8.58
Sample volume (mL): 30
Acid (µL), pH
200,7.83
50,7.68
50,7.58
50,7.51
50,7.42
50,7.35
50,7.26
50,7.20
50,7.15
50,7.10
50,7.05
100,6.96
150,6.86
200,6.71
200,6.60
200,6.46
200,6.33
200,6.20
200,6.05
200,5.90
200,5.71
200,5.45
200,5.05
50,4.88
50,4.71
50,4.53
20,4.46
20,4.40
20,4.35
20,4.27
150,4.15
100,3.98
100,3.83
100,3.72
200,3.56
200,3.45
200,3.36
600,3.18
-----------------------------------
#### Sample S25
Sample ID: S25
Initial pH: 7.54
Sample volume (mL): 30
Acid (µL), pH
200,7.51
400,7.45
600,7.33
800,7.20
1000,7.05
1200,6.91
1400,6.75
1600,6.60
1800,6.44
2000,6.25
2000,6.06
1600,5.87
1000,5.71
1000,5.52
1000,5.24
600,4.97
50,4.96
100,4.90
100,4.84
100,4.77
100,4.68
50,4.64
100,4.54
50,4.49
50,4.43
50,4.37
50,4.32
50,4.26
100,4.15
200,3.94
400,3.66
600,3.41
400,3.31
400,3.22
400,3.14
-----------------------------------
#### Sample S26
Sample ID: S26
Initial pH: 6.41
Sample volume (mL): 30
Acid (µL), pH
200,6.41
200,6.38
1000,6.20
1000,5.94
1000,5.83
2000,3.78
200,3.62
200,3.50
200,3.40
200,3.27
-----------------------------------
#### Sample S27
Sample ID: S27
Initial pH: 5.67
Sample volume (mL): 30
Acid (µL), pH
200,5.46
200,5.00
50,4.82
50,4.64
50,4.44
20,4.39
20,4.29
20,4.25
50,4.11
50,4.01
50,3.92
50,3.85
50,3.78
200,3.58
200,3.45
400,3.26
200,3.21
200,3.15
-----------------------------------
#### Sample S28
Sample ID: S28
Initial pH: 7.26
Sample volume (mL): 30
Note: Initial pH lower
Acid (µL), pH
200,6.98
200,6.87
400,6.54
600,5.95
200,5.84
200,5.65
200,5.32
100,5.12
50,4.97
50,4.76
50,4.56
50,4.38
50,4.24
50,4.14
50,4.04
100,3.90
200,3.70
400,3.47
400,3.32
-----------------------------------
#### Sample S29
Sample ID: S29
Initial pH: 6.05
Sample volume (mL): 30
Acid (µL), pH
400,5.89
400,5.65
400,5.22
200,4.83
100,4.55
50,4.40
25,4.32
25,4.25
50,4.12
200,3.81
400,3.48
400,3.30
400,3.16
-----------------------------------
#### Sample S30
Sample ID: S30
Initial pH: 7.66
Sample volume (mL): 30
Acid (µL), pH
200,7.58
200,7.51
200,7.38
200,7.26
400,7.10
400,6.95
400,6.80
600,6.56
600,6.53
600,6.40
1000,6.15
600,5.97
600,5.83
1000,5.27
400,5.08
600,4.05
100,3.96
100,3.84
100,3.74
100,3.68
400,3.40
200,3.31
200,3.28
400,3.16
-----------------------------------
#### Sample S31
Sample ID: S31
Initial pH: 6.45
Sample volume (mL): 30
Acid (µL), pH
400,6.42
800,6.28
1000,6.07
1000,5.80
800,5.50
600,5.11
200,4.90
200,4.56
50,4.47
50,4.38
50,4.27
100,4.08
200,3.81
200,3.64
400,3.40
400,3.25
200,3.19
-----------------------------------
#### Sample S32
Sample ID: S32
Initial pH: 6.54
Sample volume (mL): 30
Acid (µL), pH
200,6.52
600,6.39
1000,6.10
600,5.94
600,5.82
1000,5.60
600,5.54
200,5.44
200,5.25
200,5.20
400,4.73
200,4.36
50,4.25
50,4.17
100,4.02
100,3.91
200,3.74
400,3.57
400,3.37
400,3.26
200,3.21
-----------------------------------
#### Sample S33
Sample ID: S33
Initial pH: 8.01
Sample volume (mL): 30
Acid (µL), pH
200,7.73
200,7.52
400,7.23
400,7.02
600,6.77
400,6.60
400,6.47
800,6.21
600,6.00
400,5.83
400,5.63
600,5.10
200,4.74
50,4.63
50,4.51
50,4.39
50,4.28
200,3.93
400,3.58
400,3.38
200,3.30
200,3.24
200,3.18
-----------------------------------
#### Sample S34
Sample ID: S34
Initial pH: 7.02
Sample volume (mL): 30
Acid (µL), pH
200,6.98
400,6.88
800,6.63
1000,6.44
1000,6.23
800,6.05
800,5.82
600,5.60
600,5.27
400,4.87
100,4.71
100,4.52
50,4.43
25,4.37
25,4.33
25,4.28
200,3.96
200,3.74
200,3.59
200,3.47
400,3.30
400,3.19
-----------------------------------
#### Sample S35
Sample ID: S35
Initial pH: 8.18
Sample volume (mL): 30
Acid (µL), pH
200,8.06
400,7.52
600,7.16
200,7.07
400,6.91
600,6.70
800,6.46
1000,6.16
1000,5.79
800,5.31
400,4.77
50,4.66
50,4.45
25,4.39
25,4.32
25,4.26
50,4.18
200,3.87
200,3.67
200,3.54
200,3.43
200,3.35
400,3.21
200,3.15
400,3.06
600,2.96
-----------------------------------
#### Sample S36
Sample ID: S36
Initial pH: 7.22
Sample volume (mL): 30
Acid (µL), pH
200,7.19
400,7.08
800,6.87
1000,6.62
1000,6.39
1000,6.18
800,5.97
400,5.85
800,5.59
800,5.04
400,4.51
25,4.46
25,4.41
25,4.36
25,4.31
50,4.21
100,4.05
200,3.80
200,3.63
400,3.41
400,3.26
200,3.20
400,3.10
600,2.99
1000,2.85
-----------------------------------
#### Sample S37
Sample ID: S37
Initial pH: 5.73
Sample volume (mL): 30
Acid (µL), pH
200,5.61
200,5.49
200,5.34
200,5.11
50,5.05
100,4.86
50,4.77
100,4.50
100,4.24
50,4.02
50,3.92
50,3.84
50,3.78
50,3.72
100,3.63
100,3.55
100,3.47
100,3.41
100,3.36
100,3.31
100,3.27
200,3.20
200,3.13
200,3.08
-----------------------------------
#### Sample S38
Sample ID: S38
Initial pH: 5.65
Sample volume (mL): 30
Acid (µL), pH
200,5.53
400,5.24
400,4.59
50,4.47
50,4.33
50,4.22
50,4.10
50,4.01
100,3.85
100,3.72
100,3.62
100,3.54
100,3.47
200,3.37
400,3.20
600,3.04

### Deccan Samples (sorted by number)

#### Sample D2
Sample ID: D2
Initial pH: 8.17
Sample volume (mL): 30
Note: Some headspace, may have degassed.
Acid (µL), pH
500,7.21
500,6.85
500,6.57
500,6.29
500,6.00
500,5.58
300,5.08
100,4.78
50,4.70
50,4.43
20,4.35
20,4.29
20,4.23
20,4.18
50,4.07
50,3.97
100,3.83
200,3.64
200,3.50
500,3.28
-----------------------------------
#### Sample D3
Sample ID: D3
Initial pH: 8.15
Sample volume (mL): 30
Note: Some headspace, may have degassed.
Acid (µL), pH
200,7.62
500,7.05
500,6.75
500,6.49
500,6.22
500,5.93
200,5.81
200,5.63
200,5.37
100,5.19
100,4.92
50,4.74
20,4.66
20,4.58
20,4.52
20,4.44
20,4.37
20,4.30
20,4.24
20,4.19
50,4.08
50,3.98
100,3.84
100,3.73
200,3.57
500,3.32
-----------------------------------
#### Sample D4
Sample ID: D4
Initial pH: 7.82
Sample volume (mL): 30
Note: Some headspace, may have degassed.
Acid (µL), pH
200,7.44
500,6.99
500,6.69
1000,6.22
500,5.96
200,5.85
200,5.70
200,5.53
200,5.26
200,4.76
50,4.59
20,4.52
20,4.46
20,4.39
20,4.33
20,4.27
20,4.22
20,4.17
20,4.13
50,4.03
50,3.95
100,3.82
100,3.72
200,3.57
500,3.33
-----------------------------------
#### Sample D1
Sample ID: D1
Initial pH: 8.09
Sample volume (mL): 30
Note: Initial pH may be higher than recorded. It has a bit of headspace, may have degassed.
Acid (µL), pH
200,7.55
500,7.06
500,6.73
500,6.45
500,6.17
500,5.86
200,5.69
200,5.47
200,5.08
100,4.74
20,4.65
20,4.54
20,4.48
20,4.41
20,4.34
20,4.27
20,4.21
20,4.16
20,4.11
50,4.02
50,3.95
100,3.82
100,3.71
100,3.62
200,3.49
500,3.28
-----------------------------------
#### Sample D6
Sample ID: D6
Initial pH: 8.46
Sample volume (mL): 30
Note: Some headspace, may have degassed.
Acid (µL), pH
200,8.25
1000,7.20
1000,6.78
1000,6.52
1000,6.26
500,6.14
500,6.00
500,5.84
200,5.78
200,5.72
200,5.63
200,5.53
200,5.42
200,5.27
100,5.17
100,5.06
100,4.91
50,4.83
50,4.74
50,4.63
50,4.52
50,4.41
20,4.36
20,4.32
20,4.27
20,4.23
20,4.20
20,4.16
50,4.08
50,4.00
50,3.93
50,3.87
100,3.78
200,3.63
500,3.38
500,3.23
-----------------------------------
#### Sample D5
Sample ID: D5
Initial pH: 8.60
Sample volume (mL): 30
Note: Some headspace, may have degassed.
Acid (µL), pH
200,8.37
1000,7.25
500,7.03
500,6.87
500,6.71
500,6.59
750,6.42
750,6.23
750,6.01
750,5.78
500,5.55
500,5.19
500,4.37
20,4.33
20,4.28
20,4.24
20,4.21
20,4.18
20,4.14
20,4.11
50,4.04
50,3.97
50,3.91
100,3.81
100,3.74
100,3.66
100,3.60
200,3.50
500,3.32
-----------------------------------
#### Sample D7
Sample ID: D7
Initial pH: 8.16
Sample volume (mL): 30
Acid (µL), pH
500,7.29
500,6.95
500,6.69
500,6.44
400,6.26
400,6.08
400,5.88
400,5.57
400,5.01
100,4.75
50,4.61
20,4.55
20,4.50
20,4.44
20,4.39
20,4.34
20,4.29
20,4.24
20,4.20
50,4.10
50,4.01
100,3.87
200,3.68
500,3.40
500,3.23
-----------------------------------
#### Sample D8
Sample ID: D8
Initial pH: 8.51
Sample volume (mL): 30
Acid (µL), pH
500,7.00
100,6.80
200,6.56
200,6.27
200,5.97
200,5.46
100,5.06
50,4.80
20,4.69
10,4.64
10,4.58
10,4.54
10,4.54
20,4.46
20,4.37
20,4.31
20,4.24
20,4.20
20,4.14
50,4.04
50,3.96
100,3.82
100,3.73
200,3.58
200,3.48
200,3.39
200,3.33
200,3.27
-----------------------------------
#### Sample D9
Sample ID: D9
Initial pH: 8.51
Sample volume (mL): 30
Acid (µL), pH
500,6.82
200,6.60
200,6.38
200,6.12
200,5.82
200,5.36
50,5.14
50,4.90
25,4.78
25,4.65
25,4.53
20,4.45
20,4.37
20,4.31
20,4.24
20,4.19
50,4.08
50,3.98
200,3.74
200,3.58
200,3.47
600,3.24
-----------------------------------
#### Sample D10
Sample ID: D10
Initial pH: 9.00
Sample volume (mL): 30
Acid (µL), pH
500,8.38
1000,7.43
1000,6.97
1000,6.65
1000,6.38
1000,6.08
1000,5.65
200,5.53
500,5.05
100,4.88
50,4.78
50,4.67
50,4.59
20,4.54
20,4.49
20,4.46
20,4.41
20,4.37
20,4.33
20,4.29
20,4.24
20,4.22
20,4.18
50,4.10
50,4.03
50,3.97
100,3.86
100,3.77
200,3.64
200,3.54
500,3.36
500,3.23
-----------------------------------
#### Sample D11
Sample ID: D11
Initial pH: 8.54
Sample volume (mL): 30
Acid (µL), pH
200,8.04
500,7.27
500,6.97
500,6.73
1000,6.37
500,6.19
500,6.01
500,5.76
500,5.37
100,5.27
100,5.14
100,4.96
50,4.86
50,4.73
50,4.59
50,4.44
25,4.37
25,4.31
25,4.25
25,4.19
50,4.09
50,4.01
200,3.76
200,3.60
400,3.39
400,3.25
-----------------------------------
#### Sample D12
Sample ID: D12
Initial pH: 7.33
Sample volume (mL): 30
Acid (µL), pH
200,7.10
500,6.64
500,6.18
500,5.62
200,5.27
50,5.14
50,5.00
20,4.93
20,4.87
20,4.79
20,4.71
20,4.64
20,4.55
20,4.49
20,4.42
20,4.35
20,4.29
20,4.24
50,4.12
50,4.04
50,3.94
100,3.81
200,3.57
200,3.46
200,3.37
200,3.30
200,3.24
-----------------------------------
#### Sample D13
Sample ID: D13
Initial pH: 8.14
Sample volume (mL): 30
Acid (µL), pH
500,7.09
500,6.52
200,6.32
200,6.07
200,5.80
200,5.32
100,4.89
100,4.47
20,4.38
20,4.32
20,4.26
20,4.21
20,4.16
50,4.07
50,3.99
50,3.92
50,3.86
100,3.78
100,3.68
200,3.55
200,3.45
200,3.37
200,3.31
200,3.25
-----------------------------------
#### Sample D14
Sample ID: D14
Initial pH: 7.71
Sample volume (mL): 30
Acid (µL), pH
500,6.65
200,6.37
200,6.08
200,5.70
100,5.43
100,5.02
50,4.75
20,4.65
20,4.55
20,4.48
20,4.39
20,4.33
20,4.27
20,4.22
20,4.17
20,4.12
20,4.08
50,3.98
100,3.85
200,3.67
200,3.54
200,3.44
500,3.28
500,3.17
-----------------------------------
#### Sample D15
Sample ID: D15
Initial pH: 7.40
Sample volume (mL): 30
Note: Initial pH much lower than recorded in field. Different temperature in room? Approx. 26.2 C
Acid (µL), pH
200,6.97
200,6.69
200,6.47
400,5.92
200,5.47
50,5.30
50,5.08
50,4.81
25,4.69
25,4.55
25,4.43
25,4.33
25,4.24
25,4.17
50,4.05
50,3.95
100,3.80
200,3.61
400,3.37
600,3.16
-----------------------------------
#### Sample D16
Sample ID: D16
Initial pH: 7.23
Note: Field value was 8.79; much higher than measured at hotel. Temperature?
Sample volume (mL): 30
Acid (µL), pH
200,6.87
200,6.53
200,6.34
200,6.18
500,5.31
50,5.13
50,4.93
50,4.68
25,4.57
25,4.48
25,4.39
25,4.31
25,4.23
25,4.17
25,4.11
50,4.01
50,3.93
200,3.70
200,3.55
500,3.32
-----------------------------------
#### Sample D17
Sample ID: D17
Initial pH: 6.84
Sample volume (mL): 30
Acid (µL), pH
100,6.76
500,6.19
200,5.91
200,5.60
200,5.00
50,4.79
25,4.67
25,4.56
25,4.47
25,4.37
25,4.29
25,4.22
25,4.16
50,4.05
50,3.96
200,3.71
200,3.55
500,3.30
-----------------------------------
#### Sample D18
Sample ID: D18
Initial pH: 7.36
Sample volume (mL): 30
Note: Lower than in the field.
Acid (µL), pH
200,6.90
200,6.60
200,6.33
200,6.14
200,5.81
200,5.21
50,4.97
50,4.68
25,4.53
25,4.41
25,4.32
25,4.23
25,4.16
50,4.05
50,3.95
100,3.80
200,3.60
500,3.33
500,3.16
-----------------------------------
#### Sample D19
Sample ID: D19
Initial pH: 7.24
Sample volume (mL): 30
Acid (µL), pH
200,6.87
200,6.57
500,5.93
200,5.56
200,4.66
25,4.54
25,4.42
25,4.33
25,4.24
25,4.17
50,4.05
50,3.96
200,3.72
200,3.56
500,3.33
500,3.18
-----------------------------------
#### Sample D20
Sample ID: D20
Initial pH: 7.79
Sample volume (mL): 30
Acid (µL), pH
200,7.13
200,6.80
500,6.01
200,5.57
50,5.40
50,5.18
50,4.94
25,4.78
25,4.63
25,4.52
25,4.42
25,4.32
25,4.25
25,4.18
25,4.12
50,4.01
50,3.93
50,3.86
200,3.65
200,3.51
500,3.27
-----------------------------------
#### Sample D21
Sample ID: D21
Initial pH: 7.21
Sample volume (mL): 30
Note: pH was 7.51 in the field
Acid (µL), pH
200,6.90
500,6.22
200,5.93
100,5.76
100,5.58
100,5.25
100,4.71
25,4.57
25,4.46
25,4.36
25,4.26
25,4.19
50,4.07
50,3.98
200,3.73
500,3.42
500,3.24

